LE GROUPE DES ss'rOILEs A Hl'cLIUM DANs LA OONSTELLATION D⁷OR10N. 21

 

 

 

 

 

 

 

 

 

 

 

Cat. 3121poque p s—(S) s—(S) 1 O.-O.
1 (οὓς.) (calc.)
Etoe'le 15
(s) = 10⁰ 9¹ ‘23¹'
Br 1755 1755 , 01 4 ι”,60 1 4 0”,29 4 1”,89
Pi 00 1 1800 1 01 -- 1,88 1 4 014 4 2,02
Cape. 33 = 1833 1 05 1 4 078 ¹ 4 046 4 032
Madv 35 1 1832 , 02 4 1,52 4 045 4 1,07
Edinb 40 ¹ 1842 05 4 086 4 055 4 031
1311114 45 1845 1,0 ! 4 016 4 058 4 074
Paris 45 1 1844 1,0 4 028 4 057 4 029
er 50 ³ 1851 ¹ 05 1 4 1‚70 4 064 4 1,06 ,
Paris 60 1858 02 1 4 334 1 4 071 4 2,63 i
, er 60 1859 1‚0 , 4 0,50 4 072 4 0,ἓῖ
wash 60 1852 05 4 1,30 4 065 = 4 065
Radcl 60 1857 02 ’ 4 062 4 070 -- 008
¹ er 64 1864 1,0 4 1,22 4 076 4 046 -
Cape 65 , 1866 05 4 060 4 078 ’ 4 018 4
Brux 65 ’ 1867 0‚5 > 4 0,-10 1 4 0,79 — 033 1
Pulk 65 1868 1,0 ¹ 4 046 5 4 080 4 034
er 72 1872 1,0 1 4 102 ; 4 084 4 018
Paris 75 1 1875 05 4 078 1 4 0‚87 — O‚09
Cord 75 1 1878 ¹ 05 4 052 ¹ 4 090 4 1,42
131111( 75 1 1877 2,0 4 156 · 4 089 4 067
Madr 75 1 1878 05 4 166 4 090 4 076 ·
Wash 75 ¹ 1879 1 1,0 4 032 4 091 4 059
er 80 1882 1 2,0 4 134 ¹ 4 094 4 040
Cape 85 1882 3 1,0 4 052 1 4 094 4 042 3
Pulk 85 2 1884 2,0 2 4 090 ¹ 4 096 1 4 006 J
Strassb 85 ὲ 1886 2,0 4 086 1 4 098 1 4 012
er 90 1 1894 3,0 4 1,(10 , 4 1,05 ¹ - 005
Madr 90 1 1890 1,0 4 1,(14 4 1,02 , 4 002
13611 90 1 1889 1,0 4 068 ¹ 4 1,01 1 4 033 .
Cape 90 1 1889 2,0 4 068 4 1‚01 1 -- 033 ’
Radcl 90 1 1885 05 4 082 ¹ 4 097 ³ 4 015
Berl 95 1 1894 0,5 4 Ο,Ο4 4 1‚05 — 1,Οὲ
Lick 00 3 1899 05 4 188 1 4 1,10 4 078 1
er 00 m ι 1901 1 3,0 4 1,00 4 1,12 ’ - 012
, er 00 a 1 1904 , 02 4 094 4 1,15 ¹ - 021
Soient pour une 6130116 quelconque 81 ‚ 827 . . . 168 (1181811068 (10-

duites des catalogues‚ et tl , 152, . .. 168 61)0(11168 correspondantes. On
aura alors un syst8me (l'8quati0ns (16 condition:

1 8,η 1 (151 — tm) As Ξ 8, ; (poids = 2³1)
¹.5„,÷(t2—tm)As=sl; ²( » ΞΜ)

7

