LE GROUPE DES F'JzPOILES A HELmM DANS LA CONSTELLATION D'ORION. 15

 

 

 

 

 

 

 

 

 

 

 

 

 

 

 

 

 

Cat. Epoque p {553⁸} 5035} O. - C.
Etoz'le 3
(s) = 7⁰ 27' 54''

ΒΓ 1755 1755 01 , 4 4”,84 1 - 0”,74 4 5”,58
Pi 00 1800 0‚1 - 026 - 017 - 009
Madr 35 1832 02 — 082 4 023 - 1105
Arm 40 1843 005 - 068 ff 4 037 - 1‚05
Edinb 40 1841 0,5 -- 0,14 ’; 4 034 4 048
Radcl 45 1852 01 4 1108 1 4 048 4 1156
Pulk 45 1845 110 4 046 = 4 039 - 0185
Paris 45 1843 05 - 008 ζ 4 037 - 045
er 50 1851 05 4 1128 1 4 047 4 081
Paris 60 1859 02 4 1,08 1 4 0157 4 051
Radcl 60 1858 02 - 1140 4 056 4 1196
Cape 65 1866 0,5 ¹ 4 0120 ³ 4 0166 1 - 0146
Brux 65 1865 05 1 4 1122 1 4 065 1 4 057
Pulk 65 1868 2,0 ¹ 4 1,04 4 068 4 036
Paris 75 1877 1 Ο,5 1 —- 0148 4 0180 — 1128
Cord 75 1877 1 05 4 2108 4 080 ’ 4 1,28
Harv 75 1874 ’ 1,0 4 0118 1 1- 0176 - 0158
Pulk 75 1878 1 110 4 052 4 081 - 029
Madr 75 1876 02 4 064 “ 4 078 - 014
Wash 75 1880 , 1,0 4 084 1 4 084 000
er 80 1882 05 4 1164 4 086 4 078
Cape 85 1883 ’1 1,0 4 0136 4 0187 - 0‚51
Pulk 85 1884 210 4 090 4 089 4 001
strassb 85 1886 1,0 4 1144 4 091 1 4 0153
er 90 1894 1 210 4 1122 4 1‚01 1 4 0121
Madn 90 1889 1 210 4 1,20 4 095 4 025
Ber} 90 1889 210 1 4 1100 1 4 095 4 005
Cape 90 1888 05 1 4 050 4 094 , - 044

1 Radcl 90 1885 0,5 4 0148 ³ 4 0190 1 - 0‚4·2
Lick 00 1899 110 4 1168 1 4 1107 4 061
1 er OO m 1902 1,0 4 0180 “ 4 1‚11 ¹ — 0‚31
¹ er 00 a 1905 1 05 1 4 054 4 1115 «- 061

Etoile 4
(s) = 130 14' 26”

1 ΒΓ 1755 1 1754 1 01 1 4 0136 1 4 0”,87 4 0”,51
Pi 00 1 1800 1 01 1 4 018 4 064 4 046
f Madv 35 ’ 1832 ² 012 1 4 1198 4 0148 4 1150
’ Arm 40 1 1846 ζ 0105 1 4 1‚62 1 4 0141 4 1121
’ Edinb 40 1 1841 1 05 1 4 026 i 4 043 -- 017
Paris 45 1 1844 1 05 1 4 048 1 4 042 4 006
οι-νν 50 1 1852 1 05 1 4 088 J 4 038 4 050
Pulk 55 1853 05 1 4 018 4 037 - 019
Paris 60 Ι 1860 012 1 4 0,5ss y 4 0‚34 4 0124

 

 

